1000
0 0
0.0322581 0
0.0645161 0
0.0967742 0
0.129032 0
0.16129 0
0.193548 0
0.225806 0
0.258065 0
0.290323 0
0.322581 0
0.354839 0
0.387097 0
0.419355 0
0.451613 0
0.483871 0
0.516129 0
0.548387 0
0.580645 0
0.612903 0
0.645161 0
0.677419 0
0.709677 0
0.741935 0
0.774194 0
0.806452 0
0.83871 0
0.870968 0
0.903226 0
0.935484 0
0.967742 0
1 0
1 0.0322581
1 0.0645161
1 0.0967742
1 0.129032
1 0.16129
1 0.193548
1 0.225806
1 0.258065
1 0.290323
1 0.322581
1 0.354839
1 0.387097
1 0.419355
1 0.451613
1 0.483871
1 0.516129
1 0.548387
1 0.580645
1 0.612903
1 0.645161
1 0.677419
1 0.709677
1 0.741935
1 0.774194
1 0.806452
1 0.83871
1 0.870968
1 0.903226
1 0.935484
1 0.967742
1 1
0.967742 1
0.935484 1
0.903226 1
0.870968 1
0.83871 1
0.806452 1
0.774194 1
0.741935 1
0.709677 1
0.677419 1
0.645161 1
0.612903 1
0.580645 1
0.548387 1
0.516129 1
0.483871 1
0.451613 1
0.419355 1
0.387097 1
0.354839 1
0.322581 1
0.290323 1
0.258065 1
0.225806 1
0.193548 1
0.16129 1
0.129032 1
0.0967742 1
0.0645161 1
0.0322581 1
0 1
0 0.967742
0 0.935484
0 0.903226
0 0.870968
0 0.83871
0 0.806452
0 0.774194
0 0.741935
0 0.709677
0 0.677419
0 0.645161
0 0.612903
0 0.580645
0 0.548387
0 0.516129
0 0.483871
0 0.451613
0 0.419355
0 0.387097
0 0.354839
0 0.322581
0 0.290323
0 0.258065
0 0.225806
0 0.193548
0 0.16129
0 0.129032
0 0.0967742
0 0.0645161
0 0.0322581
0.00451143 0.0502706
0.0430403 0.177562
0.369874 0.104188
0.0867138 0.480416
0.534376 0.463363
0.218128 0.822343
0.934152 0.579029
0.567039 0.0467286
0.759155 0.0226313
0.25073 0.327333
0.86704 0.524827
0.92859 0.515752
0.786915 0.203459
0.86888 0.569029
0.0969694 0.821697
0.986655 0.111434
0.88292 0.80431
0.0926543 0.254756
0.0140361 0.377835
0.685397 0.688834
0.753509 0.00785772
0.61852 0.136982
0.626108 0.765021
0.185598 0.500675
0.488528 0.307335
0.697433 0.36318
0.866855 0.368913
0.535336 0.420857
0.526275 0.684047
0.179334 0.832917
0.862363 0.775364
0.0412918 0.968087
0.338713 0.0740259
0.272972 0.0657667
0.682806 0.815278
0.469035 0.580557
0.518049 0.600919
0.744556 0.887912
0.567697 0.968197
0.32889 0.381984
0.179527 0.131926
0.851651 0.820876
0.952359 0.906082
0.143631 0.676707
0.116758 0.0110516
0.014496 0.181418
0.582099 0.371319
0.0511022 0.465865
0.778018 0.45732
0.281381 0.860207
0.525944 0.725575
0.27265 0.772901
0.454607 0.193287
0.446228 0.73161
0.950971 0.750291
0.475501 0.855669
0.129676 0.860983
0.0184297 0.948327
0.660993 0.78684
0.13386 0.603198
0.924173 0.773217
0.341769 0.948256
0.891219 0.453899
0.160713 0.425662
0.48508 0.0383997
0.599432 0.79182
0.189473 0.534965
0.906087 0.304125
0.942969 0.367415
0.926571 0.916936
0.324655 0.558922
0.68984 0.966784
0.767438 0.758678
0.0884691 0.846843
0.186219 0.0237825
0.426985 0.296926
0.384127 0.431478
0.146435 0.369473
0.30303 0.0280975
0.235285 0.0447581
0.216443 0.51719
0.493033 0.879279
0.773353 0.0478092
0.118338 0.540586
0.339856 0.451348
0.606568 0.58178
0.0602735 0.832082
0.393522 0.592447
0.188207 0.892911
0.150933 0.220562
0.117027 0.175645
0.986187 0.674214
0.811715 0.627426
0.319973 0.737121
0.820374 0.717918
0.663048 0.355539
0.616802 0.400938
0.800873 0.762048
0.278837 0.0474541
0.598609 0.502535
0.631275 0.178861
0.264258 0.459839
0.654854 0.729161
0.414041 0.616335
0.613654 0.89226
0.181717 0.316944
0.0139692 0.0158211
0.958429 0.981788
0.199906 0.584595
0.943177 0.557409
0.549599 0.434625
0.450833 0.303311
0.219371 0.227885
0.0505193 0.213217
0.568476 0.899315
0.419893 0.671955
0.355341 0.599228
0.406231 0.0507039
0.294759 0.0914459
0.444422 0.92
0.918947 0.614723
0.854703 0.024607
0.693885 0.849915
0.120435 0.0534062
0.0142291 0.3907
0.868891 0.0143587
0.928329 0.869885
0.65525 0.653218
0.0920501 0.098512
0.0083876 0.536483
0.79559 0.650417
0.560815 0.789925
0.736142 0.247864
0.263788 0.130228
0.485822 0.45616
0.0981027 0.508023
0.857107 0.00919541
0.834867 0.955252
0.0144944 0.929072
0.0696229 0.0359024
0.180378 0.252753
0.453902 0.652724
0.158411 0.500513
0.661882 0.532749
0.370895 0.384019
0.692117 0.730985
0.304183 0.119075
0.911079 0.731574
0.248386 0.654072
0.361011 0.0232537
0.845627 0.0411472
0.0603709 0.423459
0.482022 0.486415
0.985247 0.606686
0.900994 0.754673
0.724197 0.968832
0.0287591 0.266976
0.0201204 0.0837166
0.151556 0.12582
0.758341 0.951682
0.126348 0.587833
0.120734 0.608977
0.0678525 0.255309
0.413456 0.951807
0.355933 0.0147805
0.961486 0.79103
0.869331 0.397704
0.877372 0.0329784
0.211714 0.410874
0.973272 0.562424
0.581361 0.478339
0.47731 0.76896
0.296483 0.413934
0.077805 0.143602
0.715368 0.205964
0.89313 0.722688
0.292426 0.145036
0.830305 0.440416
0.598047 0.967642
0.497674 0.896569
0.712578 0.275024
0.454047 0.263393
0.955116 0.0271775
0.936305 0.892834
0.102852 0.532901
0.0983016 0.798402
0.859148 0.0981533
0.884665 0.0162416
0.196364 0.456179
0.669117 0.938881
0.09824 0.559625
0.491288 0.663226
0.899623 0.742646
0.714062 0.814302
0.238155 0.761382
0.755709 0.540761
0.469387 0.430736
0.0634513 0.514914
0.501494 0.744317
0.128649 0.0132045
0.768151 0.10057
0.968486 0.0897109
0.104848 0.895107
0.73902 0.212971
0.596959 0.229969
0.900147 0.39877
0.0620428 0.932407
0.447468 0.886949
0.227708 0.490321
0.556409 0.846768
0.210931 0.915776
0.0448329 0.394991
0.0490208 0.0978232
0.536141 0.566022
0.0949058 0.0507139
0.502776 0.705066
0.50732 0.353599
0.0296487 0.369079
0.913359 0.508166
0.843497 0.930796
0.0163814 0.288655
0.262162 0.728966
0.0849216 0.770931
0.250584 0.439293
0.577909 0.50916
0.77164 0.717108
0.811281 0.74361
0.516811 0.807288
0.0460184 0.580656
0.854982 0.556445
0.840952 0.13092
0.716349 0.00909347
0.0458811 0.294306
0.662855 0.275761
0.427513 0.272945
0.124655 0.126616
0.0993126 0.417949
0.828229 0.254635
0.143118 0.0214865
0.213088 0.342572
0.768349 0.410399
0.683304 0.502047
0.329104 0.133288
0.375025 0.754072
0.729834 0.756506
0.170399 0.566533
0.678219 0.870223
0.541619 0.335063
0.541315 0.976076
0.929506 0.748519
0.690209 0.327888
0.359892 0.696607
0.661956 0.414265
0.0176398 0.408479
0.661873 0.225867
0.0772555 0.618379
0.0212912 0.207631
0.217468 0.389296
0.403389 0.296146
0.527601 0.792938
0.415727 0.739841
0.69202 0.645812
0.132434 0.740565
0.162206 0.0499866
0.209793 0.177198
0.15816 0.515274
0.328755 0.90099
0.450404 0.0573019
0.14085 0.532709
0.640881 0.823707
0.963861 0.33361
0.36093 0.72639
0.0374382 0.12557
0.258719 0.971219
0.835711 0.696459
0.703698 0.788862
0.522459 0.580482
0.690987 0.475047
0.762615 0.266902
0.301699 0.0574711
0.15193 0.475757
0.235363 0.961772
0.315762 0.26479
0.170557 0.88169
0.869116 0.474681
0.214172 0.781751
0.09948 0.208281
0.230874 0.165457
0.278128 0.812811
0.136799 0.269931
0.878858 0.199166
0.638637 0.612168
0.781414 0.357395
0.642506 0.248823
0.0476402 0.806981
0.402987 0.44379
0.77791 0.802619
0.479153 0.708384
0.385753 0.0203253
0.41237 0.895737
0.608657 0.838028
0.760571 0.601461
0.856689 0.407229
0.234363 0.586838
0.120783 0.488963
0.855722 0.714061
0.111311 0.681453
0.0275937 0.424521
0.735005 0.279849
0.351981 0.315886
0.217416 0.605996
0.588604 0.0813541
0.479597 0.14697
0.279274 0.665826
0.989404 0.0922456
0.0369371 0.0173763
0.941615 0.0650895
0.722483 0.558086
0.405187 0.980083
0.459994 0.708904
0.688686 0.540114
0.579748 0.528701
0.608459 0.377073
0.879194 0.240558
0.414124 0.560482
0.285048 0.830903
0.273852 0.263847
0.473998 0.0807787
0.110297 0.230937
0.595928 0.702319
0.248164 0.799488
0.125669 0.408071
0.800085 0.160652
0.447528 0.678074
0.0247003 0.537873
0.509026 0.929337
0.426386 0.868754
0.843147 0.666237
0.857578 0.904335
0.155498 0.0857394
0.671938 0.138283
0.882691 0.31843
0.0791888 0.586871
0.222011 0.686867
0.315077 0.819491
0.877039 0.739646
0.57735 0.870071
0.839459 0.641084
0.109407 0.634983
0.807748 0.93393
0.453722 0.129762
0.953393 0.835886
0.117481 0.841816
0.677323 0.557093
0.983487 0.358866
0.751 0.203176
0.41398 0.848477
0.0177479 0.240712
0.543832 0.631292
0.771938 0.639771
0.788424 0.117605
0.882183 0.770007
0.836629 0.47579
0.782452 0.303447
0.269665 0.201618
0.297314 0.476563
0.320116 0.412344
0.591006 0.425517
0.865329 0.0690017
0.0441525 0.770488
0.42844 0.500792
0.522865 0.946219
0.472876 0.960924
0.393722 0.457499
0.0327175 0.332613
0.857827 0.959659
0.696207 0.218814
0.198644 0.865201
0.706223 0.159624
0.8561 0.175755
0.0487141 0.906197
0.316133 0.187146
0.278479 0.997717
0.248241 0.867043
0.429132 0.454663
0.734975 0.496212
0.296193 0.32798
0.0144264 0.826324
0.365569 0.89191
0.281422 0.581726
0.771068 0.23522
0.18488 0.383076
0.64881 0.204935
0.433509 0.43532
0.0517641 0.87133
0.652838 0.305075
0.102199 0.940621
0.930384 0.427827
0.213399 0.708272
0.290723 0.287836
0.619684 0.555783
0.584594 0.756132
0.0709324 0.952993
0.719925 0.0931563
0.954911 0.118857
0.0808744 0.449901
0.392988 0.701483
0.945796 0.281505
0.9532 0.156225
0.0227941 0.390823
0.946072 0.721389
0.46614 0.3456
0.846207 0.598574
0.887984 0.702756
0.902428 0.890285
0.628042 0.348349
0.0676236 0.79734
0.6185 0.474074
0.751631 0.295588
0.617727 0.517043
0.809765 0.696019
0.241061 0.19555
0.595512 0.553704
0.904274 0.967977
0.425814 0.391127
0.0190598 0.49266
0.535316 0.0465259
0.476563 0.731368
0.243027 0.357259
0.968595 0.0716261
0.155369 0.181562
0.680472 0.199302
0.753491 0.0802365
0.981997 0.316853
0.713439 0.532765
0.907103 0.920406
0.142892 0.709207
0.839797 0.744945
0.986802 0.84462
0.78103 0.676925
0.673415 0.258435
0.145215 0.575698
0.361151 0.182676
0.994547 0.601167
0.754406 0.979604
0.594417 0.102342
0.0915028 0.871177
0.56184 0.564427
0.212732 0.552672
0.796396 0.592268
0.730522 0.29909
0.939353 0.471774
0.150359 0.143874
0.713647 0.834166
0.960851 0.050648
0.0815641 0.745019
0.530953 0.927919
0.0642934 0.227673
0.932893 0.330286
0.727532 0.987843
0.263151 0.481532
0.114478 0.517393
0.996227 0.853199
0.318578 0.429177
0.596972 0.332723
0.455561 0.474831
0.877324 0.54718
0.64991 0.0421886
0.466513 0.221421
0.46625 0.096559
0.722211 0.853058
0.179898 0.764244
0.267992 0.353118
0.953549 0.00612534
0.242935 0.257058
0.892938 0.0882658
0.898915 0.336357
0.795399 0.726651
0.488721 0.254587
0.488399 0.527146
0.959484 0.643952
0.0671453 0.598996
0.438424 0.208749
0.0136717 0.43466
0.908963 0.590376
0.35073 0.232667
0.298495 0.881631
0.0268323 0.83598
0.0423791 0.730102
0.017865 0.158146
0.0930163 0.375833
0.564666 0.674929
0.308244 0.537109
0.82088 0.798619
0.839607 0.539846
0.561782 0.403899
0.783693 0.894934
0.675031 0.0928571
0.814511 0.415673
0.0208972 0.232343
0.715438 0.228043
0.642093 0.0161864
0.981028 0.0985473
0.0650101 0.560286
0.656845 0.180022
0.517893 0.179789
0.984123 0.0565144
0.949348 0.590971
0.548543 0.927868
0.0710983 0.324945
0.0893342 0.245089
0.864469 0.678995
0.683746 0.229806
0.791582 0.556425
0.595443 0.615019
0.533152 0.906757
0.898225 0.565106
0.83272 0.0191993
0.465319 0.283888
0.551202 0.21638
0.0796754 0.194932
0.76804 0.572181
0.860764 0.783447
0.694447 0.588855
0.327274 0.34294
0.749846 0.837894
0.0160183 0.454691
0.300338 0.396926
0.187273 0.703248
0.441144 0.850469
0.0574387 0.359594
0.918453 0.539012
0.985608 0.531105
0.861075 0.760804
0.493673 0.226313
0.458192 0.0245322
0.00478353 0.0803105
0.564005 0.498878
0.494078 0.597949
0.144399 0.879693
0.0805577 0.914941
0.73917 0.0115338
0.90271 0.705641
0.50572 0.849288
0.895603 0.218717
0.557306 0.719029
0.536372 0.823428
0.509573 0.484473
0.0178361 0.310179
0.704294 0.392398
0.352585 0.783919
0.525902 0.237189
0.213756 0.136501
0.525027 0.746472
0.729095 0.785777
0.731179 0.321346
0.352332 0.286095
0.885924 0.496549
0.338729 0.415187
0.858612 0.445766
0.439775 0.224615
0.92498 0.205048
0.89186 0.949132
0.559875 0.94454
0.951624 0.240424
0.672446 0.444738
0.548261 0.878846
0.761657 0.285043
0.0267618 0.0458287
0.0305559 0.44039
0.508209 0.624475
0.294341 0.263518
0.946174 0.015555
0.22505 0.451713
0.717863 0.32112
0.970591 0.134107
0.138216 0.767868
0.664975 0.884377
0.590717 0.444325
0.50386 0.422699
0.0773025 0.89555
0.209363 0.658413
0.619955 0.0818349
0.630692 0.00671015
0.387198 0.847408
0.896463 0.192409
0.236816 0.0151338
0.58974 0.847614
0.386528 0.948416
0.692191 0.825256
0.682712 0.911474
0.032559 0.643536
0.350001 0.528579
0.975816 0.924951
0.445612 0.433542
0.333883 0.0280984
0.262946 0.528208
0.242942 0.453745
0.117913 0.448488
0.109861 0.749787
0.322066 0.0995829
0.70244 0.885642
0.518012 0.877693
0.384789 0.336423
0.129604 0.617972
0.0831398 0.285409
0.40347 0.0148582
0.485901 0.384211
0.291888 0.24999
0.408762 0.867681
0.506384 0.903412
0.296081 0.635066
0.885944 0.911836
0.330262 0.666843
0.579616 0.823496
0.635196 0.689414
0.832371 0.677578
0.0481565 0.0711337
0.00470908 0.949619
0.245315 0.469506
0.226383 0.622597
0.541103 0.764475
0.728921 0.591262
0.65781 0.489127
0.907248 0.0593934
0.695112 0.458463
0.813724 0.666299
0.882791 0.974504
0.513884 0.257466
0.0702495 0.985103
0.649749 0.160516
0.166531 0.731393
0.129382 0.813225
0.111176 0.855414
0.551096 0.151937
0.709531 0.124978
0.588791 0.212643
0.979279 0.862035
0.198942 0.397964
0.840648 0.774776
0.930367 0.305751
0.983512 0.0794125
0.300052 0.373784
0.169081 0.667485
0.695584 0.559278
0.343779 0.490393
0.382451 0.80344
0.654666 0.14543
0.47305 0.691047
0.387029 0.272929
0.584934 0.177948
0.869568 0.00727001
0.733929 0.624515
0.414269 0.826079
0.926813 0.0910105
0.142546 0.645584
0.198339 0.0578407
0.361504 0.0548297
0.47893 0.905138
0.321206 0.866509
0.0674117 0.114671
0.0286075 0.988573
0.689978 0.286021
0.0380668 0.23764
0.186329 0.184598
0.704022 0.431516
0.616661 0.0184847
0.741131 0.38428
0.115629 0.873002
0.967198 0.200389
0.391273 0.87377
0.804138 0.507885
0.113377 0.313233
0.2084 0.736634
0.348141 0.84552
0.274593 0.164995
0.819646 0.551246
0.312746 0.502983
0.623745 0.431984
0.616655 0.951067
0.375016 0.479117
0.279715 0.11354
0.245185 0.283459
0.860871 0.219133
0.114714 0.0234612
0.909746 0.233654
0.914706 0.946184
0.430267 0.0242106
0.0383292 0.936227
0.501371 0.559434
0.00712696 0.306606
0.914772 0.0233291
0.353936 0.823735
0.631959 0.377454
0.1734 0.796995
0.62072 0.819495
0.831217 0.561113
0.283025 0.932894
0.0465899 0.700355
0.787489 0.0805179
0.426092 0.160472
0.205311 0.100528
0.218829 0.434146
0.557657 0.0927428
0.385141 0.972495
0.154318 0.853261
0.617975 0.734896
0.415206 0.431255
0.434449 0.765299
0.0679045 0.661765
0.8499 0.41985
0.343614 0.355279
0.547589 0.58137
0.17087 0.926931
0.100053 0.59839
0.523657 0.521969
0.876957 0.711663
0.31819 0.304845
0.79497 0.844109
0.134206 0.787416
0.266059 0.0206576
0.240062 0.14814
0.956534 0.309676
0.79471 0.963436
0.423586 0.702948
0.555369 0.278854
0.599144 0.0484169
0.813195 0.0519684
0.466935 0.169261
0.668157 0.165171
0.342372 0.0511655
0.262663 0.229695
0.367989 0.29406
0.603846 0.648096
0.00268208 0.308998
0.463896 0.614676
0.937166 0.0467286
0.139042 0.91813
0.306453 0.232449
0.823531 0.328258
0.919827 0.663695
0.295013 0.97638
0.653165 0.573455
0.448323 0.808752
0.959549 0.683497
0.712138 0.338132
0.461706 0.542109
0.735976 0.809722
0.562747 0.450234
0.267374 0.887804
0.195006 0.15256
0.930133 0.974808
0.792703 0.743311
0.893563 0.534844
0.0382245 0.425973
0.130086 0.196161
0.648974 0.443193
0.288908 0.693434
0.708015 0.927162
0.504962 0.978515
0.288726 0.438073
0.616328 0.35816
0.961594 0.955073
0.98456 0.0255565
0.75165 0.334808
0.983143 0.977509
0.572975 0.431218
0.172685 0.159572
0.119867 0.774796
0.977082 0.492011
0.522413 0.389477
0.590108 0.396656
0.876665 0.418653
0.891517 0.272458
0.898058 0.12905
0.732661 0.677233
0.952594 0.51825
0.520671 0.286804
0.409064 0.0957365
0.899761 0.84466
0.98452 0.510706
0.213505 0.27034
0.0454267 0.616588
0.233612 0.117589
0.560055 0.6129
0.829649 0.0781697
0.600242 0.277191
0.181413 0.628369
0.752972 0.1861
0.382848 0.509116
0.248581 0.0902939
0.388257 0.924452
0.0759646 0.993716
0.977648 0.888756
0.92188 0.802703
0.793949 0.0237602
0.861681 0.871749
0.511662 0.0670739
0.874276 0.310394
0.877132 0.939114
0.152381 0.96168
0.448406 0.245006
0.489656 0.197949
0.764324 0.202248
0.171618 0.902715
0.749864 0.108879
0.0114556 0.133942
0.8169 0.986755
0.559679 0.588091
0.828226 0.900128
0.82203 0.378292
0.260942 0.398764
0.716596 0.306777
0.564667 0.245308
0.0241782 0.281969
0.0854272 0.230171
0.0745132 0.933937
0.668532 0.828999
0.2632 0.830232
0.302224 0.851722
0.0248334 0.671791
0.459 0.451667
0.136394 0.561846
0.196465 0.424795
0.374232 0.658416
0.138811 0.504893
0.856835 0.501805
0.510098 0.780027
0.657187 0.85547
0.083552 0.0615872
0.835441 0.203858
0.75054 0.145454
0.112356 0.791214
0.98208 0.140989
0.715437 0.045239
0.430106 0.981726
0.520379 0.21074
0.424096 0.326928
0.911357 0.990485
0.920337 0.564993
0.539359 0.59528
0.534678 0.853086
0.22798 0.704602
0.408269 0.227609
0.725085 0.35711
0.681813 0.379754
0.957325 0.885796
0.31474 0.080593
0.819685 0.469964
0.484749 0.812028
0.850378 0.980469
0.253073 0.176097
0.945373 0.934877
0.882656 0.612577
0.723797 0.455305
0.159039 0.541962
0.078477 0.70932
0.632817 0.716581
0.13143 0.345207
0.926446 0.583995
0.10564 0.72326
0.251247 0.687671
0.632746 0.325041
0.850408 0.395244
0.161602 0.595991
0.739979 0.981864
0.611949 0.211957
0.229544 0.468174
0.701432 0.253572
0.499392 0.115517
0.778792 0.560195
0.0153383 0.641098
0.153094 0.614055
0.59235 0.930686
0.41257 0.779038
0.0200642 0.805302
1978
56 562 475
52 55 54
57 562 56
562 57 586
57 58 586
58 57 56
76 72 67
53 52 54
289 56 475
289 55 56
231 63 64
307 970 166
61 59 62
59 58 56
62 59 50
55 59 56
59 52 50
52 59 55
547 962 751
875 231 64
962 875 64
547 875 962
875 547 810
875 886 231
65 66 751
962 65 751
65 962 64
65 64 67
66 65 67
74 72 76
2 3 263
3 1 4
3 2 1
52 51 50
51 277 50
277 51 604
215 53 868
53 215 52
604 215 868
215 51 52
51 215 604
53 534 868
534 53 54
534 666 868
889 886 61
886 889 231
889 63 231
889 61 62
63 889 62
976 875 810
875 976 886
761 562 586
58 761 586
562 761 475
761 970 475
886 60 61
60 59 61
59 917 58
917 761 58
761 917 970
970 917 166
974 66 67
66 974 751
931 974 67
974 931 261
250 903 475
970 250 475
250 970 307
918 289 475
903 918 475
45 44 46
82 79 76
74 73 72
882 161 283
424 711 738
44 43 46
43 32 50
46 43 50
1 230 0
230 123 0
123 124 122
121 123 122
0 121 120
123 121 0
463 252 247
905 363 229
362 323 4
3 808 263
808 362 247
808 323 362
472 379 838
472 833 379
112 115 114
95 94 93
493 999 100
999 493 418
631 604 244
631 277 604
893 900 575
893 45 46
45 893 575
900 135 575
251 857 415
857 251 739
178 534 54
534 178 373
55 178 54
289 178 55
864 604 868
666 864 868
604 864 244
193 307 166
976 193 166
559 193 810
193 976 810
736 923 462
923 736 559
923 343 462
473 343 261
686 559 810
686 923 559
547 686 810
686 547 751
976 717 886
717 60 886
717 976 166
60 717 59
917 717 166
717 917 59
499 974 261
343 499 261
499 343 923
974 499 751
499 686 751
686 499 923
69 68 67
68 931 67
918 184 289
178 184 373
184 178 289
617 165 842
617 763 646
165 617 646
140 918 903
165 140 903
140 165 646
40 43 42
600 329 150
416 364 791
79 78 76
496 287 243
496 78 79
78 496 883
269 182 226
343 933 462
933 343 473
161 620 283
620 473 283
620 933 473
933 620 842
620 649 842
649 620 161
931 847 261
847 473 261
473 847 283
847 68 69
68 847 931
981 739 226
227 265 239
265 227 859
70 568 69
568 847 69
847 568 283
989 568 70
568 989 283
882 195 313
73 195 72
195 73 313
882 725 161
803 73 74
73 803 313
228 711 424
313 228 701
803 228 313
711 333 738
240 735 513
494 804 497
804 494 913
209 866 415
445 543 546
319 509 795
521 43 44
521 45 575
45 521 44
416 888 487
888 416 791
115 858 114
858 672 114
672 498 114
692 281 122
124 692 122
230 692 123
692 124 123
281 660 122
660 121 122
121 660 281
118 112 120
118 116 115
112 118 115
14 811 13
126 902 824
902 781 241
781 902 126
741 692 263
692 741 281
252 953 247
953 741 263
396 121 281
359 463 282
463 359 252
825 463 780
5 362 4
6 5 8
463 387 780
387 463 247
362 387 247
201 982 229
168 808 3
808 168 323
168 3 4
323 168 4
833 822 944
980 822 833
427 232 572
232 427 434
190 204 572
458 106 107
458 352 106
627 458 321
458 627 352
654 498 633
769 804 913
720 616 513
204 720 572
720 427 572
427 720 513
999 99 100
611 999 418
611 97 98
983 631 244
47 46 50
893 904 900
904 656 900
904 47 656
904 893 46
47 904 46
900 293 233
656 293 900
293 631 233
631 293 277
135 342 575
655 900 233
655 135 900
655 342 135
536 471 216
638 857 908
638 209 415
857 638 415
471 750 216
399 182 269
271 534 373
271 666 534
250 538 903
538 250 307
736 538 559
193 538 307
538 193 559
485 140 646
485 184 918
140 485 918
41 40 42
600 192 329
192 521 329
521 192 43
863 416 487
437 272 735
78 77 76
77 78 883
959 496 79
496 959 287
973 351 667
832 295 867
295 973 867
525 745 669
830 981 226
998 832 867
384 998 367
998 384 832
152 615 669
195 71 72
72 71 67
71 69 67
71 70 69
279 195 882
279 882 283
989 279 283
279 71 195
725 594 161
594 649 161
594 577 649
577 594 246
594 725 246
370 725 701
725 370 246
725 714 701
714 725 882
714 313 701
714 882 313
716 769 913
240 716 211
448 227 211
716 448 211
448 716 913
494 448 913
870 448 494
662 694 859
694 662 160
839 603 671
647 866 477
866 647 415
546 524 209
524 866 209
543 524 546
319 645 441
645 319 994
425 483 776
483 899 776
365 401 509
978 401 749
401 978 509
558 365 509
558 319 441
319 558 509
11 14 13
12 11 13
11 288 10
11 12 288
35 33 32
33 35 34
36 35 37
35 139 34
186 521 575
11 17 14
968 888 791
673 968 791
968 673 149
648 835 163
835 268 163
268 835 727
814 858 115
858 814 672
113 112 114
498 113 114
116 344 115
938 344 116
344 814 115
814 344 672
519 910 357
901 602 752
548 268 727
731 548 535
439 230 1
439 692 230
692 439 263
439 2 263
2 439 1
119 118 120
730 811 241
730 12 13
811 730 13
10 9 8
202 9 10
222 202 403
403 719 854
202 719 403
719 202 10
288 719 10
862 505 609
971 242 403
242 971 724
724 156 126
156 781 126
781 156 854
971 156 724
156 403 854
156 971 403
338 808 247
953 338 247
808 338 263
338 953 263
741 336 281
336 396 281
336 953 252
953 336 741
576 359 282
359 576 214
297 359 214
396 297 125
359 297 252
203 914 780
914 825 780
914 242 805
463 164 282
825 164 463
164 825 676
164 576 282
102 103 944
822 102 944
472 430 833
430 980 833
430 472 779
430 560 984
980 430 984
579 346 493
579 980 984
472 728 779
728 996 779
911 996 988
911 232 434
232 911 988
996 911 779
352 105 106
106 105 107
715 833 944
995 715 944
369 946 979
369 232 988
190 369 979
232 369 572
369 190 572
308 627 321
379 466 838
605 466 379
466 605 352
627 466 352
946 392 979
392 946 207
335 614 275
614 335 654
201 614 982
982 614 633
614 654 633
769 801 489
720 801 616
801 716 616
716 801 769
801 584 489
801 720 584
769 208 804
804 208 497
208 769 489
493 540 418
346 540 493
511 611 98
611 511 999
99 511 98
511 99 999
797 966 345
963 655 233
655 963 640
631 130 233
983 130 631
130 963 233
963 130 983
608 983 244
963 608 640
608 963 983
293 49 277
800 618 820
618 950 134
618 800 795
950 618 795
877 655 640
590 877 640
655 877 342
877 590 134
353 536 820
618 353 820
590 353 134
353 618 134
800 637 795
637 319 795
319 637 994
143 899 269
251 143 739
739 143 226
143 269 226
461 471 635
461 750 471
649 420 842
420 617 842
537 840 635
864 537 635
537 864 666
840 429 635
561 429 469
429 840 469
840 299 469
271 299 666
299 537 666
537 299 840
538 920 903
920 165 903
920 736 462
920 538 736
933 920 462
165 920 842
920 933 842
561 657 763
657 561 469
485 657 469
278 485 469
485 278 184
184 278 373
688 809 685
793 688 685
532 793 685
793 36 37
36 793 532
40 39 43
846 557 394
41 557 40
557 846 40
582 192 600
582 191 764
191 582 600
192 582 394
846 582 764
582 846 394
43 478 42
192 478 43
478 192 394
478 41 42
557 478 394
478 557 41
361 863 487
402 361 487
863 922 150
191 922 897
922 361 897
361 922 863
486 950 795
950 486 408
681 950 408
186 681 408
950 681 134
342 681 575
681 186 575
681 877 134
877 681 342
329 290 150
934 863 150
863 934 416
934 364 416
789 978 749
789 376 673
789 673 791
364 789 791
978 789 364
272 744 735
735 744 513
744 427 513
427 744 434
744 911 434
985 272 437
272 985 467
985 966 467
966 985 345
737 437 735
240 737 735
798 816 708
287 915 243
915 423 243
80 959 79
80 79 82
81 80 82
959 442 287
442 80 81
80 442 959
423 331 243
205 179 667
179 973 667
179 331 653
331 179 205
179 653 867
973 179 867
177 295 832
384 177 832
174 152 669
158 399 317
399 158 182
816 770 708
674 770 816
998 770 367
770 674 367
830 453 981
981 453 739
615 453 669
453 857 739
453 615 857
453 525 669
453 830 525
583 279 989
279 583 71
583 989 70
71 583 70
370 952 246
952 370 701
393 952 424
228 952 701
952 228 424
75 74 76
162 75 76
302 803 74
75 302 74
302 75 162
372 162 76
77 372 76
372 77 883
726 205 667
965 726 667
470 333 711
228 470 711
238 470 228
716 194 616
194 716 240
616 194 513
194 240 513
964 932 908
932 638 908
638 932 209
315 694 152
315 772 265
315 265 859
694 315 859
482 615 152
694 482 152
857 482 908
615 482 857
482 694 160
482 964 908
964 482 160
227 159 859
448 159 227
159 448 870
159 662 859
223 543 445
348 223 445
294 223 348
543 223 541
223 294 541
128 661 671
661 839 671
294 661 128
661 294 348
661 348 445
839 661 445
647 768 441
768 647 477
768 558 441
385 251 415
647 385 415
385 647 776
385 143 251
899 385 776
143 385 899
267 524 543
866 267 477
524 267 866
645 746 441
746 645 425
746 425 776
746 647 441
647 746 776
645 573 425
483 573 216
573 483 425
573 645 994
637 573 994
573 536 216
536 573 820
573 800 820
573 637 800
750 254 216
254 483 216
880 747 541
747 401 365
747 543 541
747 267 543
267 747 365
954 136 456
361 954 807
954 361 136
709 532 685
21 23 22
665 23 144
957 36 532
36 957 35
957 139 35
521 896 329
186 896 521
896 290 329
968 679 888
606 967 824
17 15 14
17 18 131
550 17 131
835 433 727
433 835 648
406 862 609
680 406 609
584 225 489
225 884 489
884 225 347
743 225 584
510 133 523
935 884 347
884 935 296
905 806 363
806 133 363
133 806 523
806 450 523
598 806 905
806 598 450
598 855 450
112 142 248
113 142 112
280 938 116
118 117 116
869 968 149
374 869 149
869 374 698
679 869 698
869 679 968
849 901 752
901 849 371
294 702 541
802 376 880
802 702 491
802 880 541
702 802 541
340 731 535
961 235 535
961 548 727
548 961 535
235 148 535
148 340 535
148 602 901
148 901 371
340 148 371
548 200 268
208 200 497
872 294 128
872 702 294
119 169 118
613 396 125
169 613 125
613 169 119
12 422 288
730 422 12
781 422 241
422 730 241
7 6 8
710 7 8
198 203 780
198 710 203
387 198 780
7 198 6
198 7 710
198 5 6
5 198 362
198 387 362
844 9 202
222 844 202
9 844 8
844 710 8
710 844 203
844 222 203
242 270 805
270 242 724
505 566 609
967 566 824
566 967 609
566 126 824
157 222 403
242 157 403
914 157 242
222 157 203
157 914 203
811 391 241
391 902 241
391 593 902
236 598 905
855 236 545
236 855 598
286 280 787
982 796 229
796 982 633
576 554 214
784 336 252
297 784 252
336 784 396
784 297 396
257 914 805
825 907 676
914 907 825
257 907 914
907 845 676
907 257 845
947 187 762
612 102 822
612 579 493
980 612 822
579 612 980
285 472 838
285 728 472
225 721 347
721 225 743
104 105 995
103 104 944
104 995 944
102 104 103
105 104 102
105 906 995
906 715 995
906 105 352
605 906 352
906 605 379
833 906 379
715 906 833
549 109 650
458 549 321
529 171 275
171 549 650
549 171 321
565 369 988
369 565 946
171 127 321
127 171 529
127 529 722
308 585 207
585 392 207
392 585 949
308 314 627
314 466 627
314 308 207
466 314 838
946 314 207
389 392 949
266 389 949
392 389 979
389 190 979
190 147 204
389 147 190
147 389 266
614 360 275
529 360 722
360 529 275
318 797 345
175 318 345
652 755 560
755 652 797
167 652 560
167 430 779
430 167 560
167 767 652
911 767 779
767 167 779
522 652 467
966 522 467
652 522 797
522 966 797
742 94 95
742 181 94
94 785 93
210 611 418
540 210 418
608 137 640
353 137 536
137 590 640
137 353 590
277 567 50
567 49 50
49 567 277
48 293 656
48 49 293
47 48 656
48 47 50
49 48 50
350 561 763
420 221 617
350 221 876
617 221 763
221 350 763
368 399 269
899 368 269
368 899 349
461 740 750
740 461 635
154 485 646
154 657 485
763 154 646
657 154 763
316 299 271
316 271 373
278 316 373
299 316 469
316 278 469
809 668 685
668 709 685
39 531 688
531 846 764
846 531 40
531 39 40
191 531 764
531 191 897
809 531 897
531 809 688
39 38 43
43 38 32
38 35 32
35 38 37
38 793 37
793 38 688
38 39 688
361 447 897
447 361 807
668 447 807
447 809 897
447 668 809
465 191 600
465 922 191
465 600 150
922 465 150
290 987 150
987 934 150
689 789 749
789 689 376
376 689 880
401 689 749
689 747 880
747 689 401
744 705 911
705 767 911
705 272 467
705 744 272
652 705 467
767 705 652
737 881 437
985 881 345
881 985 437
948 737 240
227 948 211
948 240 211
948 227 239
737 948 375
530 395 375
530 384 367
395 530 367
530 948 239
948 530 375
828 81 82
185 828 82
828 442 81
442 828 287
85 82 76
512 185 390
512 915 185
915 512 423
480 733 708
331 782 243
782 331 205
782 496 243
733 460 423
460 331 423
331 460 653
460 480 653
480 460 733
443 772 421
255 383 745
255 189 738
255 745 525
189 255 525
745 677 669
677 174 669
174 339 152
772 339 421
339 315 152
315 339 772
941 393 182
158 941 182
941 952 393
952 941 246
577 713 317
713 158 317
713 577 246
941 713 246
713 941 158
182 146 226
146 830 226
830 146 525
146 189 525
819 393 424
819 424 738
189 819 738
146 819 189
393 819 182
819 146 182
997 302 162
302 997 803
997 228 803
997 238 228
690 965 333
470 690 333
690 470 238
690 726 965
159 813 662
813 870 603
813 159 870
839 813 603
337 813 839
400 964 160
400 813 337
662 400 160
813 400 662
836 932 964
400 836 964
836 400 337
558 444 365
444 267 365
267 444 477
444 768 477
768 444 558
563 254 750
899 563 349
483 563 899
254 563 483
32 887 31
887 578 306
887 30 31
30 887 306
532 898 528
709 898 532
310 898 354
954 503 807
354 503 456
503 954 456
898 503 354
503 898 709
355 665 958
21 355 958
355 21 22
23 355 22
355 23 665
765 626 325
325 626 528
626 139 528
765 630 33
887 630 578
33 630 32
630 887 32
139 699 528
957 699 139
699 532 528
699 957 532
896 683 834
683 896 186
683 186 408
683 301 834
486 683 408
301 683 486
374 936 698
936 679 698
936 574 679
888 542 487
679 542 888
574 542 679
527 621 958
621 527 759
955 484 456
484 354 456
621 591 958
591 21 958
21 591 625
474 593 993
436 474 993
902 474 824
593 474 902
474 852 824
852 474 436
591 790 625
790 707 625
19 18 17
19 23 21
19 790 18
19 707 790
19 10 8
5 19 8
19 11 10
19 17 11
16 15 17
550 16 17
433 856 727
856 433 680
433 841 680
406 841 523
841 406 680
841 510 523
841 433 648
510 841 648
406 732 862
732 855 862
855 732 450
292 935 347
292 947 762
133 552 363
766 648 163
766 510 648
488 505 862
855 488 862
488 855 545
975 488 545
335 341 654
654 341 498
341 113 498
341 142 113
481 280 116
280 481 787
117 481 116
644 237 125
297 644 125
644 297 214
910 417 357
417 564 357
643 758 774
817 969 376
673 969 149
376 969 673
374 219 519
219 969 817
219 374 149
969 219 149
642 148 235
642 305 602
148 642 602
613 930 396
121 930 120
396 930 121
930 119 120
930 613 119
422 273 288
273 422 781
273 781 854
719 273 854
273 719 288
566 366 126
366 724 126
366 270 724
366 566 505
391 451 593
451 921 993
593 451 993
15 659 14
659 811 14
659 391 811
264 236 905
264 905 229
237 581 787
581 286 787
644 581 237
280 356 938
286 356 280
498 356 633
356 498 672
344 356 672
356 344 938
264 413 213
796 413 229
413 264 229
164 891 576
891 554 576
300 366 505
366 300 270
270 300 805
300 257 805
187 515 762
515 187 201
363 515 229
515 201 229
612 101 102
101 493 100
101 612 493
99 101 100
101 99 98
101 105 102
105 101 112
112 101 120
95 101 98
105 108 107
549 108 109
108 549 458
110 105 112
109 110 650
110 108 105
108 110 109
996 183 988
183 565 988
728 183 996
285 183 728
585 428 949
428 127 722
147 332 204
332 743 584
332 720 204
720 332 584
404 147 266
187 404 722
404 428 722
404 266 949
428 404 949
693 171 650
171 693 275
431 377 335
377 112 248
187 455 201
455 614 201
455 360 614
455 187 722
360 455 722
682 200 208
200 682 268
268 682 163
682 490 163
884 587 489
587 208 489
587 884 296
490 587 296
587 682 208
682 587 490
595 755 797
723 579 984
579 723 346
501 129 507
262 812 181
262 742 95
742 262 181
611 518 97
210 518 611
181 155 94
155 785 94
812 155 181
155 812 526
155 91 785
924 861 837
309 540 346
137 977 536
977 137 608
977 608 244
536 977 471
471 977 635
864 977 244
977 864 635
218 429 561
350 218 561
399 678 317
368 678 399
196 221 420
678 196 420
196 678 368
221 196 876
876 196 349
196 368 349
414 668 807
668 414 709
503 414 807
414 503 709
514 927 136
514 361 402
361 514 136
256 514 402
927 514 479
301 622 834
622 987 834
987 622 934
934 622 364
172 978 364
622 172 364
172 622 301
509 172 795
978 172 509
987 426 834
426 987 290
426 896 834
896 426 290
395 217 375
217 737 375
217 881 737
881 217 345
217 175 345
217 674 175
217 395 367
674 217 367
915 712 185
712 828 185
712 915 287
828 712 287
86 85 76
83 185 82
85 84 82
84 83 82
185 821 390
733 794 708
794 798 708
794 512 798
794 733 423
512 794 423
770 777 708
777 480 708
777 998 867
777 770 998
653 777 867
480 777 653
726 303 205
303 782 205
443 457 772
265 457 239
772 457 265
848 443 177
848 530 239
457 848 239
848 457 443
848 177 384
530 848 384
255 670 383
383 670 351
333 670 738
670 255 738
965 670 333
351 670 667
670 965 667
383 951 745
951 677 745
951 383 351
973 951 351
295 951 973
677 322 174
322 339 174
322 951 295
951 322 677
495 372 883
496 495 883
997 632 238
632 495 580
690 639 726
639 632 580
639 690 238
632 639 238
571 836 337
571 445 546
836 571 932
571 839 445
571 337 839
571 546 209
932 571 209
30 29 28
599 898 310
25 30 28
19 25 23
25 19 5
438 626 765
438 33 34
438 765 33
139 438 34
626 438 139
630 553 578
553 630 765
553 765 325
440 553 325
553 440 578
564 786 357
786 564 992
786 936 374
786 519 357
786 374 519
691 402 487
542 691 487
256 304 992
304 786 992
936 304 574
786 304 936
464 621 759
556 527 958
484 929 324
929 484 955
929 556 324
556 929 527
929 955 759
527 929 759
658 592 926
592 658 602
602 658 752
176 592 606
176 606 824
852 176 824
176 852 926
592 176 926
305 925 602
925 592 602
20 19 21
19 20 707
20 21 625
707 20 625
358 642 235
642 358 305
925 358 967
358 925 305
695 406 523
695 732 406
450 695 523
732 695 450
292 381 935
381 552 935
381 292 762
552 381 363
381 515 363
515 381 762
510 596 133
596 552 133
766 596 510
552 596 935
596 766 935
935 651 296
766 651 935
651 490 296
490 651 163
651 766 163
380 117 118
169 380 118
237 380 125
380 169 125
629 436 993
758 629 993
852 629 926
629 852 436
643 629 758
921 827 993
827 758 993
827 550 131
550 827 921
849 937 910
220 802 491
220 817 376
802 220 376
986 910 519
219 986 519
603 276 671
589 276 494
870 276 603
276 870 494
508 494 497
508 589 494
589 508 945
508 718 945
831 200 548
703 151 128
258 128 671
258 703 128
276 258 671
258 589 945
258 276 589
718 320 945
320 258 945
258 320 703
703 320 731
731 320 548
320 718 548
188 451 391
659 188 391
451 188 921
188 659 15
16 188 15
188 550 921
188 16 550
413 452 213
729 413 796
729 796 633
356 729 633
729 356 286
874 164 676
874 891 164
891 788 554
554 788 213
874 788 891
788 264 213
264 788 236
799 488 975
300 799 257
488 799 505
799 300 505
799 975 845
257 799 845
253 458 107
108 253 107
253 108 458
110 607 650
607 693 650
693 607 431
607 377 431
565 284 946
183 284 565
314 284 838
284 314 946
284 285 838
284 183 285
428 259 127
259 428 585
127 259 321
259 308 321
259 585 308
292 826 947
826 292 347
693 878 275
878 693 431
878 335 275
878 431 335
533 377 248
377 533 335
533 341 335
142 533 248
341 533 142
723 892 346
783 943 798
783 512 390
512 783 798
674 468 175
468 674 816
798 468 816
943 468 798
318 409 797
409 595 797
595 409 818
409 129 818
129 942 507
96 262 95
96 95 98
97 96 98
262 504 812
96 504 262
518 504 97
504 96 97
785 92 93
91 92 785
753 155 526
753 91 155
829 476 756
407 829 501
153 129 501
829 153 501
129 153 818
153 756 818
153 829 756
218 398 429
429 398 635
398 740 635
601 350 876
601 218 350
601 876 349
678 871 317
871 577 317
577 871 649
871 420 649
871 678 420
972 301 486
972 172 301
972 486 795
172 972 795
87 924 837
924 87 88
87 86 88
942 173 507
86 397 85
865 821 185
83 865 185
84 865 83
865 397 821
334 501 507
339 551 421
322 551 339
551 443 421
443 551 177
177 551 295
551 322 295
495 459 580
459 639 580
782 459 496
459 495 496
687 997 162
687 632 997
372 687 162
495 687 372
632 687 495
597 30 306
597 29 30
29 815 28
778 325 528
778 440 325
898 778 528
599 778 898
440 778 748
778 599 748
27 25 28
23 24 144
25 24 23
291 815 748
432 256 402
432 304 256
691 432 402
432 691 542
432 542 574
304 432 574
327 298 479
514 327 479
327 514 256
298 912 479
912 927 479
912 955 456
136 912 456
927 912 136
758 145 774
823 484 324
556 823 324
919 25 641
851 919 641
919 24 25
492 599 310
599 492 748
492 291 748
592 684 606
925 684 592
606 684 967
684 925 967
961 199 235
199 358 235
623 481 117
380 623 117
481 623 787
623 237 787
623 380 237
960 629 643
960 658 926
629 960 926
417 378 564
516 378 417
555 378 516
328 417 910
937 328 910
220 446 817
508 517 718
831 517 508
718 517 548
517 831 548
200 419 497
831 419 200
419 508 497
419 831 508
234 872 128
151 234 128
894 340 371
170 894 371
340 894 731
894 703 731
894 151 703
939 581 644
581 939 286
452 879 213
554 879 214
879 554 213
845 411 676
411 874 676
411 975 545
975 411 845
377 111 112
607 111 377
111 110 112
111 607 110
312 332 147
826 312 947
404 312 147
312 187 947
312 404 187
755 386 560
560 386 984
386 723 984
700 595 818
595 700 755
700 386 755
700 892 723
386 700 723
309 956 756
956 309 346
892 956 346
468 412 175
520 940 664
520 326 861
326 520 664
924 520 861
940 520 526
520 753 526
704 504 518
504 704 664
704 518 570
326 704 570
704 326 664
940 330 664
330 504 664
504 330 812
812 330 526
330 940 526
753 916 91
757 197 476
197 757 570
518 197 570
197 518 210
138 309 756
476 138 756
197 138 476
138 197 210
138 210 540
309 138 540
861 928 837
928 334 837
407 663 829
326 663 861
663 928 861
928 663 407
544 398 218
544 563 750
740 544 750
398 544 740
601 544 218
563 544 349
544 601 349
173 449 943
449 173 942
412 449 942
449 468 943
449 412 468
783 610 943
610 173 943
610 783 390
821 610 390
506 84 85
397 506 85
506 865 84
865 506 397
397 405 821
405 334 821
405 397 86
87 405 86
405 87 837
334 405 837
459 734 639
734 303 726
639 734 726
303 734 782
734 459 782
696 597 306
597 696 29
696 815 29
578 860 306
440 860 578
860 696 306
696 860 815
860 440 748
815 860 748
25 26 641
27 26 25
815 311 28
291 311 815
311 27 28
624 327 256
327 624 298
624 256 992
912 502 955
502 912 298
955 502 759
502 464 759
464 502 853
502 555 853
555 502 298
771 464 853
464 771 621
771 145 621
827 569 758
569 145 758
24 132 144
919 132 24
132 665 144
665 132 958
909 492 310
909 823 851
823 909 484
909 310 354
484 909 354
245 274 641
274 851 641
291 274 245
492 274 291
274 909 851
909 274 492
358 773 967
967 773 609
773 680 609
773 856 680
382 961 727
382 199 961
856 382 727
773 382 856
199 382 358
382 773 358
675 960 643
937 675 643
658 675 752
960 675 658
675 849 752
675 937 849
990 516 417
328 990 417
760 937 643
760 328 937
760 643 774
990 760 774
760 990 328
446 895 170
895 446 220
895 220 491
588 170 371
986 588 910
849 588 371
588 849 910
410 939 644
939 410 452
410 879 452
410 644 214
879 410 214
141 729 286
141 452 413
729 141 413
388 788 874
411 388 874
388 411 545
236 388 545
788 388 236
332 991 743
312 991 332
991 721 743
756 843 818
843 700 818
700 843 892
956 843 756
843 956 892
454 942 129
454 412 942
409 454 129
412 454 175
454 318 175
454 409 318
89 924 88
89 520 924
86 89 88
180 476 829
180 757 476
663 180 829
334 212 501
928 212 334
212 407 501
212 928 407
873 610 821
873 334 507
334 873 821
173 873 507
610 873 173
260 245 641
26 260 641
260 26 27
500 555 298
624 500 298
754 771 853
771 754 145
435 827 131
435 569 827
145 706 621
569 706 145
706 591 621
435 706 569
206 132 919
823 206 851
206 919 851
206 823 556
206 556 958
132 206 958
619 234 151
894 619 151
619 895 491
619 894 170
895 619 170
446 885 817
885 446 170
588 885 170
634 939 452
141 634 452
939 634 286
634 141 286
697 312 826
697 991 312
991 697 721
721 697 347
697 826 347
92 90 86
90 89 86
90 92 91
916 90 91
89 90 520
520 90 753
90 916 753
792 663 326
792 180 663
180 792 757
792 326 570
757 792 570
260 249 245
249 291 245
249 311 291
636 378 555
500 636 555
378 636 564
564 636 992
636 624 992
636 500 624
628 754 853
555 628 853
628 555 516
145 224 774
754 224 145
224 990 774
628 224 754
990 224 516
224 628 516
850 435 131
18 850 131
790 850 18
850 706 435
850 790 591
706 850 591
890 619 491
619 890 234
234 890 872
702 890 491
872 890 702
539 588 986
539 885 588
539 986 219
539 219 817
885 539 817
775 260 27
775 249 260
311 775 27
249 775 311